0.3299464881420135, 0.3350485861301422, -0.7071579098701477, -0.4797675311565399, -1.2416388988494873, 2.1403663158416748
0.3299464881420135, 0.3350508511066437, -0.7072345614433289, 0.3917441070079803, -1.9593149423599243, 0.9353650212287903
0.3299464881420135, 0.3350532352924347, -0.7074025869369507, 0.1828520298004150, -1.5833103656768799, 1.1926299333572388
0.3299464881420135, 0.3350532352924347, -0.7074792385101318, 0.0050155175849795, -1.2278875112533569, 1.0998260974884033
0.3299464881420135, 0.3350532352924347, -0.7075632214546204, -0.1935597956180573, -0.9526338577270508, 1.4318548440933228
0.3299464881420135, 0.3350532352924347, -0.7076508998870850, -0.5004537105560303, -0.5713841319084167, 1.7285257577896118
0.3299464881420135, 0.3350532352924347, -0.7077422738075256, -0.7373033761978149, -0.3537606894969940, 2.1087489128112793
0.3299464881420135, 0.3350532352924347, -0.7078335285186768, -0.9449547529220581, -0.1012003570795059, 2.4976675510406494
0.3299464881420135, 0.3350532352924347, -0.7079284787178040, -1.1835037469863892, 0.2597493827342987, 2.8475413322448730
0.3299464881420135, 0.3350532352924347, -0.7080234289169312, -1.4920294284820557, 0.4244247376918793, 3.1398441791534424
0.3299464881420135, 0.3350532352924347, -0.7081147432327271, -1.7920956611633301, 0.6059804558753967, 3.3733742237091064
0.3299464881420135, 0.3350532352924347, -0.7082024216651917, -1.9138139486312866, 0.6492145061492920, 3.5808701515197754
0.3299464881420135, 0.3350532352924347, -0.7082900404930115, -2.3935816287994385, 0.8212559819221497, 3.9459018707275391
0.3299464881420135, 0.3350532352924347, -0.7083777189254761, -2.4959144592285156, 0.5579143762588501, 3.9459421634674072
0.3299464881420135, 0.3350532352924347, -0.7084580063819885, -2.8631000518798828, 0.2243492305278778, 4.4735317230224609
0.3299464881420135, 0.3350532352924347, -0.7085420489311218, -2.0224108695983887, -0.1173086613416672, 3.7533562183380127
0.3299464881420135, 0.3350532352924347, -0.7086151242256165, -1.3006051778793335, -0.6546005010604858, 3.3062157630920410
0.3299464881420135, 0.3350532352924347, -0.7086845636367798, -0.6978560090065002, -0.9531198740005493, 2.5359165668487549
0.3299464881420135, 0.3350532352924347, -0.7087466120719910, -0.2497155219316483, -1.2913625240325928, 1.8664432764053345
0.3299464881420135, 0.3350532352924347, -0.7088087201118469, 0.2452940493822098, -1.6561224460601807, 1.5051141977310181